[{"pseudo": "user0", "color": "blue", "x": 1, "y": 1, "currentWeapon": -1, "maxMp": 3, "mp": 3, "id": 0, "maxTp": 6, "tp": 6, "hp": 100, "maxHp": 100}, {"pseudo": "user1", "color": "red", "x": 14, "y": 14, "currentWeapon": -1, "maxMp": 3, "mp": 3, "id": 1, "maxTp": 6, "tp": 6, "hp": 100, "maxHp": 100}]
[{"name": "SimpleGun", "maxRange": 5, "damage": 10, "cost": 4}, {"name": "Sword", "maxRange": 1, "damage": 20, "cost": 5}]
[[-1, -1, -3, -1, -3, -1, -1, -1, -1, -1, -2, -1, -1, -1, -1, -3], [-1, 0, -1, -1, -1, -1, -1, -1, -1, -1, -2, -1, -1, -1, -1, -3], [-1, -1, -1, -1, -1, -1, -1, -1, -3, -1, -1, -1, -1, -1, -1, -1], [-1, -1, -1, -1, -2, -1, -1, -1, -1, -1, -3, -1, -1, -1, -2, -1], [-1, -3, -1, -1, -1, -1, -1, -1, -3, -1, -1, -1, -1, -1, -1, -1], [-2, -1, -2, -1, -1, -1, -1, -1, -1, -1, -1, -1, -1, -1, -1, -1], [-1, -1, -1, -1, -1, -3, -1, -1, -1, -1, -1, -1, -2, -1, -1, -1], [-2, -2, -3, -1, -1, -1, -1, -1, -1, -1, -1, -1, -1, -1, -2, -1], [-2, -1, -1, -1, -1, -1, -3, -1, -1, -1, -1, -1, -1, -1, -1, -1], [-3, -1, -1, -2, -1, -1, -1, -2, -1, -1, -1, -1, -1, -3, -1, -3], [-1, -1, -1, -1, -1, -1, -1, -1, -1, -1, -2, -1, -1, -1, -1, -1], [-1, -1, -1, -1, -1, -1, -1, -1, -2, -1, -1, -1, -1, -1, -1, -1], [-1, -1, -1, -1, -1, -1, -1, -1, -2, -1, -1, -1, -1, -1, -1, -1], [-1, -2, -1, -1, -1, -1, -1, -1, -1, -1, -1, -1, -2, -1, -1, -1], [-2, -1, -1, -3, -1, -3, -1, -1, -1, -3, -1, -1, -2, -1, 1, -1], [-1, -1, -1, -3, -3, -1, -1, -1, -1, -1, -1, -1, -1, -3, -1, -1]]
[TURN] 0
[WHOPLAYS] 0
[SET_WEAPON] 1 Sword
[MARK] [[0, 0], [0, 1], [0, 2], [0, 3], [0, 4], [1, 0], [1, 1], [1, 2], [1, 3], [1, 4], [1, 5], [1, 6], [2, 0], [2, 1], [2, 2], [2, 3], [2, 4], [2, 10], [2, 11], [2, 12], [3, 0], [3, 1], [3, 2], [3, 3], [3, 4], [3, 5], [4, 0], [4, 1], [4, 2], [4, 4], [4, 5], [4, 6], [4, 7], [4, 8], [5, 0], [5, 1], [5, 2], [5, 5], [5, 6], [5, 7], [5, 8], [5, 9], [5, 10], [6, 0], [6, 1], [6, 2], [6, 3], [6, 6], [6, 7], [6, 8], [6, 9], [6, 10], [6, 11], [6, 12], [7, 0], [7, 1], [7, 2], [7, 3], [7, 7], [7, 8], [7, 11], [7, 12], [7, 13], [7, 14], [7, 15], [8, 0], [8, 1], [8, 2], [8, 3], [8, 4], [8, 8], [8, 9], [8, 14], [8, 15], [9, 0], [9, 1], [9, 2], [9, 3], [9, 4], [9, 9], [9, 10], [10, 2], [10, 3], [10, 4], [11, 2], [11, 3], [11, 4], [11, 5], [12, 2], [12, 3], [12, 4], [12, 5], [13, 2], [13, 3], [13, 4], [13, 5], [14, 2], [14, 4], [14, 5], [14, 6], [15, 2], [15, 4], [15, 5], [15, 6]] yellow
[MARK] [[0, 5], [0, 6], [0, 7], [0, 8], [0, 9], [0, 10], [0, 11], [0, 12], [0, 13], [0, 14], [0, 15], [1, 7], [1, 8], [1, 9], [1, 10], [1, 11], [1, 12], [1, 13], [1, 14], [1, 15], [2, 5], [2, 6], [2, 7], [2, 8], [2, 9], [2, 13], [2, 14], [2, 15], [3, 6], [3, 7], [3, 8], [3, 9], [3, 10], [3, 11], [3, 12], [3, 13], [3, 14], [3, 15], [4, 3], [4, 9], [4, 10], [4, 11], [4, 12], [4, 13], [4, 14], [4, 15], [5, 3], [5, 4], [5, 11], [5, 12], [5, 13], [5, 14], [5, 15], [6, 4], [6, 5], [6, 13], [6, 14], [6, 15], [7, 4], [7, 5], [7, 6], [7, 9], [7, 10], [8, 5], [8, 6], [8, 7], [8, 10], [8, 11], [8, 12], [8, 13], [9, 5], [9, 6], [9, 7], [9, 8], [9, 11], [9, 12], [9, 13], [9, 14], [9, 15], [10, 0], [10, 1], [10, 5], [10, 6], [10, 7], [10, 8], [10, 9], [10, 10], [10, 11], [10, 12], [10, 13], [10, 14], [10, 15], [11, 0], [11, 1], [11, 6], [11, 7], [11, 8], [11, 9], [11, 10], [11, 11], [11, 12], [11, 13], [11, 14], [11, 15], [12, 0], [12, 1], [12, 6], [12, 7], [12, 8], [12, 9], [12, 10], [12, 11], [12, 12], [12, 13], [12, 14], [12, 15], [13, 0], [13, 1], [13, 6], [13, 7], [13, 8], [13, 9], [13, 10], [13, 11], [13, 12], [13, 13], [13, 14], [13, 15], [14, 0], [14, 1], [14, 3], [14, 7], [14, 8], [14, 9], [14, 10], [14, 11], [14, 12], [14, 13], [14, 14], [14, 15], [15, 0], [15, 1], [15, 3], [15, 7], [15, 8], [15, 9], [15, 10], [15, 11], [15, 12], [15, 13], [15, 14], [15, 15]] red
[MOVE] 1 2
[MOVE] 1 3
[MOVE] 2 3
[WHOPLAYS] 1
[SET_WEAPON] 0 SimpleGun
[MARK] [[14, 14]] green
[MARK] [[14, 11]] green
[MARK] [[13, 12]] green
[MARK] [[14, 12]] green
[MARK] [[15, 12]] green
[MARK] [[13, 13]] green
[MARK] [[14, 13]] green
[MARK] [[15, 13]] green
[MARK] [[13, 14]] green
[MARK] [[15, 14]] green
[MARK] [[14, 15]] green
[MARK] [[15, 15]] green
[MARK] [[13, 12]] blue
[MOVE] 14 13
[MOVE] 14 12
[MOVE] 13 12
[TURN] 1
[WHOPLAYS] 0
[MARK] [[0, 0], [0, 1], [0, 2], [0, 3], [0, 4], [1, 0], [1, 1], [1, 2], [1, 3], [1, 4], [1, 5], [1, 6], [2, 0], [2, 1], [2, 2], [2, 3], [2, 4], [3, 0], [3, 1], [3, 2], [3, 3], [3, 4], [3, 5], [3, 6], [4, 0], [4, 1], [4, 2], [4, 4], [4, 5], [4, 6], [4, 7], [4, 8], [4, 9], [5, 0], [5, 1], [5, 2], [5, 4], [5, 5], [5, 6], [5, 7], [5, 8], [5, 9], [5, 10], [5, 11], [5, 12], [6, 0], [6, 1], [6, 5], [6, 6], [6, 7], [6, 8], [6, 9], [6, 10], [6, 11], [6, 12], [6, 13], [6, 14], [6, 15], [7, 0], [7, 1], [7, 5], [7, 6], [7, 7], [7, 8], [7, 11], [7, 12], [7, 13], [7, 14], [7, 15], [8, 0], [8, 1], [8, 5], [8, 6], [8, 7], [8, 8], [8, 9], [8, 14], [8, 15], [9, 0], [9, 6], [9, 7], [9, 8], [9, 9], [9, 10], [10, 6], [10, 7], [10, 8], [10, 9], [10, 11], [11, 6], [11, 7], [11, 8], [11, 9], [11, 12], [12, 7], [12, 8], [12, 9], [12, 10], [13, 8], [13, 9], [13, 10], [13, 11], [14, 8], [14, 9], [14, 10], [14, 11], [14, 12], [15, 9], [15, 10], [15, 11], [15, 12]] yellow
[MARK] [[0, 5], [0, 6], [0, 7], [0, 8], [0, 9], [0, 10], [0, 11], [0, 12], [0, 13], [0, 14], [0, 15], [1, 7], [1, 8], [1, 9], [1, 10], [1, 11], [1, 12], [1, 13], [1, 14], [1, 15], [2, 5], [2, 6], [2, 7], [2, 8], [2, 9], [2, 10], [2, 11], [2, 12], [2, 13], [2, 14], [2, 15], [3, 7], [3, 8], [3, 9], [3, 10], [3, 11], [3, 12], [3, 13], [3, 14], [3, 15], [4, 3], [4, 10], [4, 11], [4, 12], [4, 13], [4, 14], [4, 15], [5, 3], [5, 13], [5, 14], [5, 15], [6, 2], [6, 3], [6, 4], [7, 2], [7, 3], [7, 4], [7, 9], [7, 10], [8, 2], [8, 3], [8, 4], [8, 10], [8, 11], [8, 12], [8, 13], [9, 1], [9, 2], [9, 3], [9, 4], [9, 5], [9, 11], [9, 12], [9, 13], [9, 14], [9, 15], [10, 0], [10, 1], [10, 2], [10, 3], [10, 4], [10, 5], [10, 10], [10, 12], [10, 13], [10, 14], [10, 15], [11, 0], [11, 1], [11, 2], [11, 3], [11, 4], [11, 5], [11, 10], [11, 11], [11, 13], [11, 14], [11, 15], [12, 0], [12, 1], [12, 2], [12, 3], [12, 4], [12, 5], [12, 6], [12, 11], [12, 12], [12, 13], [12, 14], [12, 15], [13, 0], [13, 1], [13, 2], [13, 3], [13, 4], [13, 5], [13, 6], [13, 7], [13, 12], [13, 13], [13, 14], [13, 15], [14, 0], [14, 1], [14, 2], [14, 3], [14, 4], [14, 5], [14, 6], [14, 7], [14, 13], [14, 14], [14, 15], [15, 0], [15, 1], [15, 2], [15, 3], [15, 4], [15, 5], [15, 6], [15, 7], [15, 8], [15, 13], [15, 14], [15, 15]] red
[MOVE] 2 4
[MOVE] 3 4
[MOVE] 3 5
[WHOPLAYS] 1
[MARK] [[13, 12]] green
[MARK] [[12, 10]] green
[MARK] [[13, 10]] green
[MARK] [[14, 10]] green
[MARK] [[11, 11]] green
[MARK] [[12, 11]] green
[MARK] [[13, 11]] green
[MARK] [[14, 11]] green
[MARK] [[15, 11]] green
[MARK] [[10, 12]] green
[MARK] [[11, 12]] green
[MARK] [[12, 12]] green
[MARK] [[14, 12]] green
[MARK] [[15, 12]] green
[MARK] [[11, 13]] green
[MARK] [[13, 13]] green
[MARK] [[14, 13]] green
[MARK] [[15, 13]] green
[MARK] [[13, 14]] green
[MARK] [[14, 14]] green
[MARK] [[10, 12]] blue
[MOVE] 12 12
[MOVE] 11 12
[MOVE] 10 12
[TURN] 2
[WHOPLAYS] 0
[MARK] [[0, 0], [0, 1], [0, 2], [0, 10], [0, 11], [0, 12], [0, 13], [1, 0], [1, 1], [1, 2], [1, 3], [1, 9], [1, 10], [1, 11], [1, 12], [2, 0], [2, 1], [2, 2], [2, 3], [2, 4], [2, 6], [2, 7], [2, 8], [2, 9], [2, 10], [2, 11], [2, 12], [3, 0], [3, 1], [3, 2], [3, 3], [3, 4], [3, 5], [3, 6], [3, 7], [3, 8], [4, 0], [4, 4], [4, 5], [4, 6], [4, 7], [4, 8], [4, 9], [4, 10], [4, 11], [4, 12], [5, 3], [5, 4], [5, 5], [5, 6], [5, 7], [5, 8], [5, 9], [5, 10], [5, 11], [5, 12], [5, 13], [5, 14], [5, 15], [6, 2], [6, 3], [6, 4], [6, 5], [6, 6], [6, 7], [6, 8], [6, 9], [6, 10], [6, 11], [6, 12], [6, 13], [6, 14], [6, 15], [7, 1], [7, 2], [7, 3], [7, 4], [7, 5], [7, 6], [7, 7], [7, 8], [7, 11], [7, 12], [7, 13], [7, 14], [7, 15], [8, 0], [8, 1], [8, 2], [8, 3], [8, 4], [8, 5], [8, 6], [8, 7], [8, 8], [8, 14], [8, 15], [9, 0], [9, 1], [9, 2], [9, 3], [9, 4], [9, 5], [9, 6], [9, 7], [9, 8], [9, 9], [9, 15], [10, 2], [10, 3], [10, 4], [10, 5], [10, 6], [10, 7], [10, 8], [10, 9], [11, 2], [11, 3], [11, 4], [11, 5], [11, 6], [11, 7], [11, 8], [11, 9], [12, 1], [12, 2], [12, 3], [12, 4], [12, 5], [12, 7], [12, 8], [12, 9], [12, 10], [13, 1], [13, 2], [13, 3], [13, 4], [13, 5], [13, 7], [13, 8], [13, 9], [13, 10], [13, 11], [14, 0], [14, 1], [14, 2], [14, 4], [14, 5], [14, 8], [14, 9], [14, 10], [14, 11], [15, 0], [15, 1], [15, 2], [15, 4], [15, 5], [15, 8], [15, 9], [15, 10], [15, 11], [15, 12]] yellow
[MARK] [[0, 3], [0, 4], [0, 5], [0, 6], [0, 7], [0, 8], [0, 9], [0, 14], [0, 15], [1, 4], [1, 5], [1, 6], [1, 7], [1, 8], [1, 13], [1, 14], [1, 15], [2, 5], [2, 13], [2, 14], [2, 15], [3, 9], [3, 10], [3, 11], [3, 12], [3, 13], [3, 14], [3, 15], [4, 1], [4, 2], [4, 3], [4, 13], [4, 14], [4, 15], [5, 0], [5, 1], [5, 2], [6, 0], [6, 1], [7, 0], [7, 9], [7, 10], [8, 9], [8, 10], [8, 11], [8, 12], [8, 13], [9, 10], [9, 11], [9, 12], [9, 13], [9, 14], [10, 0], [10, 1], [10, 10], [10, 11], [10, 12], [10, 13], [10, 14], [10, 15], [11, 0], [11, 1], [11, 10], [11, 11], [11, 12], [11, 13], [11, 14], [11, 15], [12, 0], [12, 6], [12, 11], [12, 12], [12, 13], [12, 14], [12, 15], [13, 0], [13, 6], [13, 12], [13, 13], [13, 14], [13, 15], [14, 3], [14, 6], [14, 7], [14, 12], [14, 13], [14, 14], [14, 15], [15, 3], [15, 6], [15, 7], [15, 13], [15, 14], [15, 15]] red
[MOVE] 3 6
[MOVE] 3 7
[MOVE] 3 8
[WHOPLAYS] 1
[MARK] [[10, 12]] green
[MARK] [[9, 10]] red
[MARK] [[11, 10]] green
[MARK] [[9, 11]] green
[MARK] [[10, 11]] green
[MARK] [[11, 11]] green
[MARK] [[12, 11]] green
[MARK] [[9, 12]] green
[MARK] [[11, 12]] green
[MARK] [[12, 12]] green
[MARK] [[13, 12]] green
[MARK] [[8, 13]] green
[MARK] [[9, 13]] green
[MARK] [[10, 13]] green
[MARK] [[11, 13]] green
[MARK] [[10, 14]] green
[MARK] [[11, 14]] green
[MARK] [[10, 15]] green
[MARK] [[9, 11]] blue
[MOVE] 10 11
[MOVE] 9 11
[TURN] 3
[WHOPLAYS] 0
[MARK] [[0, 3], [0, 9], [0, 10], [0, 11], [1, 5], [1, 6], [1, 8], [1, 9], [1, 10], [2, 0], [2, 1], [2, 6], [2, 7], [2, 8], [2, 9], [3, 0], [3, 1], [3, 2], [3, 3], [3, 4], [3, 5], [3, 6], [3, 7], [3, 8], [4, 4], [4, 5], [4, 6], [4, 7], [4, 8], [4, 9], [5, 2], [5, 3], [5, 4], [5, 5], [5, 6], [5, 7], [5, 8], [5, 9], [5, 10], [6, 0], [6, 1], [6, 2], [6, 3], [6, 4], [6, 5], [6, 6], [6, 7], [6, 8], [6, 9], [6, 10], [6, 11], [7, 0], [7, 1], [7, 2], [7, 3], [7, 4], [7, 5], [7, 6], [7, 7], [7, 8], [7, 10], [7, 11], [7, 12], [8, 0], [8, 1], [8, 2], [8, 3], [8, 4], [8, 5], [8, 6], [8, 7], [8, 8], [8, 13], [9, 0], [9, 1], [9, 2], [9, 3], [9, 4], [9, 5], [9, 6], [9, 7], [9, 8], [9, 14], [10, 2], [10, 3], [10, 4], [10, 5], [10, 6], [10, 7], [10, 8], [10, 11], [10, 15], [11, 2], [11, 3], [11, 4], [11, 5], [11, 6], [11, 7], [11, 8], [12, 1], [12, 2], [12, 3], [12, 4], [12, 5], [12, 7], [12, 8], [12, 9], [12, 12], [13, 0], [13, 1], [13, 2], [13, 3], [13, 4], [13, 5], [13, 7], [13, 8], [13, 9], [14, 0], [14, 1], [14, 2], [14, 4], [14, 8], [14, 9], [14, 13], [15, 0], [15, 1], [15, 4], [15, 8], [15, 9]] yellow
[MARK] [[0, 0], [0, 1], [0, 2], [0, 4], [0, 5], [0, 6], [0, 7], [0, 8], [0, 12], [0, 13], [0, 14], [0, 15], [1, 0], [1, 1], [1, 2], [1, 3], [1, 4], [1, 7], [1, 11], [1, 12], [1, 13], [1, 14], [1, 15], [2, 2], [2, 3], [2, 4], [2, 5], [2, 10], [2, 11], [2, 12], [2, 13], [2, 14], [2, 15], [3, 9], [3, 10], [3, 11], [3, 12], [3, 13], [3, 14], [3, 15], [4, 0], [4, 1], [4, 2], [4, 3], [4, 10], [4, 11], [4, 12], [4, 13], [4, 14], [4, 15], [5, 0], [5, 1], [5, 11], [5, 12], [5, 13], [5, 14], [5, 15], [6, 12], [6, 13], [6, 14], [6, 15], [7, 9], [7, 13], [7, 14], [7, 15], [8, 9], [8, 10], [8, 11], [8, 12], [8, 14], [8, 15], [9, 9], [9, 10], [9, 11], [9, 12], [9, 13], [9, 15], [10, 0], [10, 1], [10, 9], [10, 10], [10, 12], [10, 13], [10, 14], [11, 0], [11, 1], [11, 9], [11, 10], [11, 11], [11, 12], [11, 13], [11, 14], [11, 15], [12, 0], [12, 6], [12, 10], [12, 11], [12, 13], [12, 14], [12, 15], [13, 6], [13, 10], [13, 11], [13, 12], [13, 13], [13, 14], [13, 15], [14, 3], [14, 5], [14, 6], [14, 7], [14, 10], [14, 11], [14, 12], [14, 14], [14, 15], [15, 2], [15, 3], [15, 5], [15, 6], [15, 7], [15, 10], [15, 11], [15, 12], [15, 13], [15, 14], [15, 15]] red
[MOVE] 4 8
[MOVE] 4 9
[MOVE] 4 10
[WHOPLAYS] 1
[MARK] [[9, 10]] blue
[MOVE] 9 10
[ATTACK] 4 10
[MARK] [[9, 10]] yellow
[TURN] 4
[WHOPLAYS] 0
[HEAL] 4 10
[MARK] [[0, 9], [0, 10], [0, 11], [0, 12], [1, 9], [1, 10], [1, 11], [1, 12], [1, 15], [2, 0], [2, 1], [2, 2], [2, 10], [2, 11], [2, 12], [2, 13], [2, 14], [2, 15], [3, 0], [3, 1], [3, 2], [3, 3], [3, 4], [3, 5], [3, 6], [3, 7], [3, 10], [3, 11], [3, 12], [3, 13], [3, 14], [3, 15], [4, 4], [4, 5], [4, 6], [4, 7], [4, 8], [4, 9], [4, 10], [4, 11], [4, 12], [4, 13], [4, 14], [4, 15], [5, 0], [5, 1], [5, 2], [5, 3], [5, 4], [5, 5], [5, 6], [5, 7], [5, 8], [5, 9], [5, 10], [5, 11], [5, 12], [5, 13], [5, 14], [5, 15], [6, 0], [6, 1], [6, 2], [6, 3], [6, 4], [6, 5], [6, 6], [6, 7], [6, 8], [6, 9], [6, 10], [6, 11], [6, 12], [6, 13], [6, 14], [6, 15], [7, 0], [7, 1], [7, 2], [7, 3], [7, 4], [7, 5], [7, 6], [7, 7], [7, 8], [7, 10], [7, 11], [7, 12], [7, 13], [7, 14], [7, 15], [8, 0], [8, 1], [8, 2], [8, 3], [8, 4], [8, 5], [8, 6], [8, 7], [8, 10], [8, 13], [8, 14], [8, 15], [9, 0], [9, 1], [9, 2], [9, 3], [9, 4], [9, 5], [9, 6], [9, 7], [9, 10], [9, 14], [9, 15], [10, 2], [10, 3], [10, 4], [10, 5], [10, 6], [10, 15], [11, 1], [11, 2], [11, 3], [11, 4], [11, 5], [11, 9], [11, 15], [12, 0], [12, 1], [12, 2], [12, 3], [12, 4], [12, 5], [12, 9], [13, 0], [13, 1], [13, 2], [13, 3], [13, 4], [13, 9], [13, 11], [14, 0], [14, 1], [14, 2], [14, 4], [14, 9], [14, 11], [15, 0], [15, 1], [15, 9], [15, 11]] yellow
[MARK] [[0, 0], [0, 1], [0, 2], [0, 3], [0, 4], [0, 5], [0, 6], [0, 7], [0, 8], [0, 13], [0, 14], [0, 15], [1, 0], [1, 1], [1, 2], [1, 3], [1, 4], [1, 5], [1, 6], [1, 7], [1, 8], [1, 13], [1, 14], [2, 3], [2, 4], [2, 5], [2, 6], [2, 7], [2, 8], [2, 9], [3, 8], [3, 9], [4, 0], [4, 1], [4, 2], [4, 3], [7, 9], [8, 8], [8, 9], [8, 11], [8, 12], [9, 8], [9, 9], [9, 11], [9, 12], [9, 13], [10, 0], [10, 1], [10, 7], [10, 8], [10, 9], [10, 10], [10, 11], [10, 12], [10, 13], [10, 14], [11, 0], [11, 6], [11, 7], [11, 8], [11, 10], [11, 11], [11, 12], [11, 13], [11, 14], [12, 6], [12, 7], [12, 8], [12, 10], [12, 11], [12, 12], [12, 13], [12, 14], [12, 15], [13, 5], [13, 6], [13, 7], [13, 8], [13, 10], [13, 12], [13, 13], [13, 14], [13, 15], [14, 3], [14, 5], [14, 6], [14, 7], [14, 8], [14, 10], [14, 12], [14, 13], [14, 14], [14, 15], [15, 2], [15, 3], [15, 4], [15, 5], [15, 6], [15, 7], [15, 8], [15, 10], [15, 12], [15, 13], [15, 14], [15, 15]] red
[MOVE] 5 10
[MOVE] 6 10
[MOVE] 7 10
[WHOPLAYS] 1
[MARK] [[11, 11]] blue
[MOVE] 9 11
[MOVE] 10 11
[MOVE] 11 11
[ATTACK] 7 10
[MARK] [[11, 11]] yellow
[TURN] 5
[WHOPLAYS] 0
[HEAL] 7 10
[MARK] [[0, 10], [0, 11], [0, 12], [0, 15], [1, 6], [1, 10], [1, 11], [1, 12], [1, 14], [1, 15], [2, 6], [2, 7], [2, 10], [2, 11], [2, 12], [2, 13], [2, 14], [2, 15], [3, 6], [3, 7], [3, 8], [3, 10], [3, 11], [3, 12], [3, 13], [3, 14], [3, 15], [4, 7], [4, 8], [4, 9], [4, 10], [4, 11], [4, 12], [4, 13], [4, 14], [4, 15], [5, 8], [5, 9], [5, 10], [5, 11], [5, 12], [5, 13], [5, 14], [5, 15], [6, 9], [6, 10], [6, 11], [6, 12], [6, 13], [6, 14], [6, 15], [7, 10], [7, 11], [7, 12], [7, 13], [7, 14], [7, 15], [8, 9], [8, 10], [8, 15], [9, 8], [9, 9], [9, 10], [10, 7], [10, 8], [10, 9], [10, 11], [11, 6], [11, 7], [11, 8], [11, 9], [11, 11], [12, 5], [12, 7], [12, 8], [12, 9], [12, 11], [13, 4], [13, 7], [13, 8], [13, 12], [14, 6], [14, 8], [14, 12], [15, 5], [15, 8], [15, 12]] yellow
[MARK] [[0, 0], [0, 1], [0, 2], [0, 3], [0, 4], [0, 5], [0, 6], [0, 7], [0, 8], [0, 9], [0, 13], [0, 14], [1, 0], [1, 1], [1, 2], [1, 3], [1, 4], [1, 5], [1, 7], [1, 8], [1, 9], [1, 13], [2, 0], [2, 1], [2, 2], [2, 3], [2, 4], [2, 5], [2, 8], [2, 9], [3, 0], [3, 1], [3, 2], [3, 3], [3, 4], [3, 5], [3, 9], [4, 0], [4, 1], [4, 2], [4, 3], [4, 4], [4, 5], [4, 6], [5, 0], [5, 1], [5, 2], [5, 3], [5, 4], [5, 5], [5, 6], [5, 7], [6, 0], [6, 1], [6, 2], [6, 3], [6, 4], [6, 5], [6, 6], [6, 7], [6, 8], [7, 0], [7, 1], [7, 2], [7, 3], [7, 4], [7, 5], [7, 6], [7, 7], [7, 8], [7, 9], [8, 0], [8, 1], [8, 2], [8, 3], [8, 4], [8, 5], [8, 6], [8, 7], [8, 8], [8, 11], [8, 12], [8, 13], [8, 14], [9, 0], [9, 1], [9, 2], [9, 3], [9, 4], [9, 5], [9, 6], [9, 7], [9, 11], [9, 12], [9, 13], [9, 14], [9, 15], [10, 0], [10, 1], [10, 2], [10, 3], [10, 4], [10, 5], [10, 6], [10, 10], [10, 12], [10, 13], [10, 14], [10, 15], [11, 0], [11, 1], [11, 2], [11, 3], [11, 4], [11, 5], [11, 10], [11, 12], [11, 13], [11, 14], [11, 15], [12, 0], [12, 1], [12, 2], [12, 3], [12, 4], [12, 6], [12, 10], [12, 12], [12, 13], [12, 14], [12, 15], [13, 0], [13, 1], [13, 2], [13, 3], [13, 5], [13, 6], [13, 9], [13, 10], [13, 11], [13, 13], [13, 14], [13, 15], [14, 0], [14, 1], [14, 2], [14, 3], [14, 4], [14, 5], [14, 7], [14, 9], [14, 10], [14, 11], [14, 13], [14, 14], [14, 15], [15, 0], [15, 1], [15, 2], [15, 3], [15, 4], [15, 6], [15, 7], [15, 9], [15, 10], [15, 11], [15, 13], [15, 14], [15, 15]] red
[MOVE] 8 10
[MOVE] 9 10
[MOVE] 9 11
[WHOPLAYS] 1
[MARK] [[11, 14]] blue
[MOVE] 11 12
[MOVE] 11 13
[MOVE] 11 14
[ATTACK] 9 11
[MARK] [[11, 14]] yellow
[TURN] 6
[WHOPLAYS] 0
[HEAL] 9 11
[MARK] [[4, 0], [4, 1], [5, 0], [5, 1], [5, 2], [5, 3], [5, 4], [6, 0], [6, 1], [6, 2], [6, 3], [6, 4], [6, 5], [6, 6], [7, 0], [7, 1], [7, 2], [7, 3], [7, 4], [7, 5], [7, 6], [7, 7], [8, 0], [8, 1], [8, 2], [8, 3], [8, 4], [8, 5], [8, 6], [8, 7], [8, 8], [8, 9], [8, 10], [8, 14], [8, 15], [9, 0], [9, 1], [9, 2], [9, 3], [9, 4], [9, 5], [9, 6], [9, 7], [9, 8], [9, 9], [9, 10], [9, 11], [9, 12], [9, 13], [9, 14], [9, 15], [10, 2], [10, 3], [10, 4], [10, 5], [10, 6], [10, 7], [10, 8], [10, 11], [10, 12], [10, 13], [10, 14], [10, 15], [11, 0], [11, 1], [11, 2], [11, 3], [11, 4], [11, 5], [11, 11], [11, 12], [11, 13], [11, 14], [11, 15], [12, 0], [12, 1], [12, 2], [12, 10], [12, 11], [12, 12], [13, 10], [13, 11], [13, 12], [14, 10], [14, 11], [14, 12], [14, 13], [15, 9], [15, 10], [15, 11], [15, 12], [15, 13]] yellow
[MARK] [[0, 0], [0, 1], [0, 2], [0, 3], [0, 4], [0, 5], [0, 6], [0, 7], [0, 8], [0, 9], [0, 10], [0, 11], [0, 12], [0, 13], [0, 14], [0, 15], [1, 0], [1, 1], [1, 2], [1, 3], [1, 4], [1, 5], [1, 6], [1, 7], [1, 8], [1, 9], [1, 10], [1, 11], [1, 12], [1, 13], [1, 14], [1, 15], [2, 0], [2, 1], [2, 2], [2, 3], [2, 4], [2, 5], [2, 6], [2, 7], [2, 8], [2, 9], [2, 10], [2, 11], [2, 12], [2, 13], [2, 14], [2, 15], [3, 0], [3, 1], [3, 2], [3, 3], [3, 4], [3, 5], [3, 6], [3, 7], [3, 8], [3, 9], [3, 10], [3, 11], [3, 12], [3, 13], [3, 14], [3, 15], [4, 2], [4, 3], [4, 4], [4, 5], [4, 6], [4, 7], [4, 8], [4, 9], [4, 10], [4, 11], [4, 12], [4, 13], [4, 14], [4, 15], [5, 5], [5, 6], [5, 7], [5, 8], [5, 9], [5, 10], [5, 11], [5, 12], [5, 13], [5, 14], [5, 15], [6, 7], [6, 8], [6, 9], [6, 10], [6, 11], [6, 12], [6, 13], [6, 14], [6, 15], [7, 8], [7, 9], [7, 10], [7, 11], [7, 12], [7, 13], [7, 14], [7, 15], [8, 11], [8, 12], [8, 13], [10, 0], [10, 1], [10, 9], [10, 10], [11, 6], [11, 7], [11, 8], [11, 9], [11, 10], [12, 3], [12, 4], [12, 5], [12, 6], [12, 7], [12, 8], [12, 9], [12, 13], [12, 14], [12, 15], [13, 0], [13, 1], [13, 2], [13, 3], [13, 4], [13, 5], [13, 6], [13, 7], [13, 8], [13, 9], [13, 13], [13, 14], [13, 15], [14, 0], [14, 1], [14, 2], [14, 3], [14, 4], [14, 5], [14, 6], [14, 7], [14, 8], [14, 9], [14, 14], [14, 15], [15, 0], [15, 1], [15, 2], [15, 3], [15, 4], [15, 5], [15, 6], [15, 7], [15, 8], [15, 14], [15, 15]] red
[MOVE] 9 12
[MOVE] 9 13
[MOVE] 10 13
[WHOPLAYS] 1
[MARK] [[12, 15]] blue
[MOVE] 11 15
[MOVE] 12 15
[ATTACK] 10 13
[MARK] [[12, 15]] yellow
[TURN] 7
[WHOPLAYS] 0
[HEAL] 10 13
[MARK] [[0, 11], [0, 12], [0, 15], [1, 12], [1, 14], [1, 15], [2, 12], [2, 13], [2, 14], [2, 15], [3, 12], [3, 13], [3, 14], [3, 15], [4, 0], [4, 1], [4, 12], [4, 13], [4, 14], [4, 15], [5, 0], [5, 1], [5, 2], [5, 3], [5, 4], [5, 12], [5, 13], [5, 14], [5, 15], [6, 0], [6, 1], [6, 2], [6, 3], [6, 4], [6, 5], [6, 13], [6, 14], [6, 15], [7, 0], [7, 1], [7, 2], [7, 3], [7, 4], [7, 5], [7, 6], [7, 7], [7, 13], [7, 14], [7, 15], [8, 3], [8, 4], [8, 5], [8, 6], [8, 7], [8, 8], [8, 9], [8, 13], [8, 14], [8, 15], [9, 8], [9, 9], [9, 10], [9, 11], [9, 12], [9, 13], [9, 14], [9, 15], [10, 11], [10, 12], [10, 13], [10, 14], [10, 15], [11, 8], [11, 9], [11, 10], [11, 11], [11, 12], [11, 13], [11, 14], [11, 15], [12, 3], [12, 7], [12, 8], [12, 9], [12, 10], [12, 11], [12, 12], [12, 15], [13, 6], [13, 7], [13, 8], [13, 9], [13, 10], [13, 11], [13, 12], [14, 4], [14, 5], [14, 8], [14, 9], [14, 10], [14, 11], [15, 3], [15, 7], [15, 8], [15, 9], [15, 10], [15, 11]] yellow
[MARK] [[0, 0], [0, 1], [0, 2], [0, 3], [0, 4], [0, 5], [0, 6], [0, 7], [0, 8], [0, 9], [0, 10], [0, 13], [0, 14], [1, 0], [1, 1], [1, 2], [1, 3], [1, 4], [1, 5], [1, 6], [1, 7], [1, 8], [1, 9], [1, 10], [1, 11], [1, 13], [2, 0], [2, 1], [2, 2], [2, 3], [2, 4], [2, 5], [2, 6], [2, 7], [2, 8], [2, 9], [2, 10], [2, 11], [3, 0], [3, 1], [3, 2], [3, 3], [3, 4], [3, 5], [3, 6], [3, 7], [3, 8], [3, 9], [3, 10], [3, 11], [4, 2], [4, 3], [4, 4], [4, 5], [4, 6], [4, 7], [4, 8], [4, 9], [4, 10], [4, 11], [5, 5], [5, 6], [5, 7], [5, 8], [5, 9], [5, 10], [5, 11], [6, 6], [6, 7], [6, 8], [6, 9], [6, 10], [6, 11], [6, 12], [7, 8], [7, 9], [7, 10], [7, 11], [7, 12], [8, 0], [8, 1], [8, 2], [8, 10], [8, 11], [8, 12], [9, 0], [9, 1], [9, 2], [9, 3], [9, 4], [9, 5], [9, 6], [9, 7], [10, 0], [10, 1], [10, 2], [10, 3], [10, 4], [10, 5], [10, 6], [10, 7], [10, 8], [10, 9], [10, 10], [11, 0], [11, 1], [11, 2], [11, 3], [11, 4], [11, 5], [11, 6], [11, 7], [12, 0], [12, 1], [12, 2], [12, 4], [12, 5], [12, 6], [12, 13], [12, 14], [13, 0], [13, 1], [13, 2], [13, 3], [13, 4], [13, 5], [13, 13], [13, 14], [13, 15], [14, 0], [14, 1], [14, 2], [14, 3], [14, 6], [14, 7], [14, 12], [14, 13], [14, 14], [14, 15], [15, 0], [15, 1], [15, 2], [15, 4], [15, 5], [15, 6], [15, 12], [15, 13], [15, 14], [15, 15]] red
[MOVE] 10 14
[MOVE] 10 15
[MOVE] 11 15
[WHOPLAYS] 1
[MARK] [[9, 15]] blue
[ATTACK] 11 15
[MARK] [[9, 15]] yellow
[TURN] 8
[WHOPLAYS] 0
[HEAL] 11 15
[MARK] [[0, 9], [0, 10], [0, 11], [0, 12], [0, 15], [1, 9], [1, 10], [1, 11], [1, 12], [1, 14], [1, 15], [2, 10], [2, 11], [2, 12], [2, 13], [2, 14], [2, 15], [3, 10], [3, 11], [3, 12], [3, 13], [3, 14], [3, 15], [4, 0], [4, 1], [4, 10], [4, 11], [4, 12], [4, 13], [4, 14], [4, 15], [5, 0], [5, 1], [5, 2], [5, 3], [5, 11], [5, 12], [5, 13], [5, 14], [5, 15], [6, 0], [6, 1], [6, 2], [6, 3], [6, 4], [6, 5], [6, 12], [6, 13], [6, 14], [6, 15], [7, 3], [7, 4], [7, 5], [7, 6], [7, 7], [7, 13], [7, 14], [7, 15], [8, 6], [8, 7], [8, 8], [8, 9], [8, 13], [8, 14], [8, 15], [9, 9], [9, 10], [9, 11], [9, 12], [9, 13], [9, 14], [9, 15], [10, 2], [10, 3], [10, 4], [10, 11], [10, 12], [10, 13], [10, 14], [10, 15], [11, 0], [11, 1], [11, 2], [11, 3], [11, 4], [11, 5], [11, 6], [11, 7], [11, 8], [11, 9], [11, 10], [11, 11], [11, 12], [11, 13], [11, 14], [11, 15], [12, 7], [12, 8], [12, 9], [12, 10], [12, 15], [13, 4], [13, 5], [13, 15], [14, 0], [14, 14], [14, 15], [15, 14], [15, 15]] yellow
[MARK] [[0, 0], [0, 1], [0, 2], [0, 3], [0, 4], [0, 5], [0, 6], [0, 7], [0, 8], [0, 13], [0, 14], [1, 0], [1, 1], [1, 2], [1, 3], [1, 4], [1, 5], [1, 6], [1, 7], [1, 8], [1, 13], [2, 0], [2, 1], [2, 2], [2, 3], [2, 4], [2, 5], [2, 6], [2, 7], [2, 8], [2, 9], [3, 0], [3, 1], [3, 2], [3, 3], [3, 4], [3, 5], [3, 6], [3, 7], [3, 8], [3, 9], [4, 2], [4, 3], [4, 4], [4, 5], [4, 6], [4, 7], [4, 8], [4, 9], [5, 4], [5, 5], [5, 6], [5, 7], [5, 8], [5, 9], [5, 10], [6, 6], [6, 7], [6, 8], [6, 9], [6, 10], [6, 11], [7, 0], [7, 1], [7, 2], [7, 8], [7, 9], [7, 10], [7, 11], [7, 12], [8, 0], [8, 1], [8, 2], [8, 3], [8, 4], [8, 5], [8, 10], [8, 11], [8, 12], [9, 0], [9, 1], [9, 2], [9, 3], [9, 4], [9, 5], [9, 6], [9, 7], [9, 8], [10, 0], [10, 1], [10, 5], [10, 6], [10, 7], [10, 8], [10, 9], [10, 10], [12, 0], [12, 1], [12, 2], [12, 3], [12, 4], [12, 5], [12, 6], [12, 11], [12, 12], [12, 13], [12, 14], [13, 0], [13, 1], [13, 2], [13, 3], [13, 6], [13, 7], [13, 8], [13, 9], [13, 10], [13, 11], [13, 12], [13, 13], [13, 14], [14, 1], [14, 2], [14, 3], [14, 4], [14, 5], [14, 6], [14, 7], [14, 8], [14, 9], [14, 10], [14, 11], [14, 12], [14, 13], [15, 0], [15, 1], [15, 2], [15, 3], [15, 4], [15, 5], [15, 6], [15, 7], [15, 8], [15, 9], [15, 10], [15, 11], [15, 12], [15, 13]] red
[WHOPLAYS] 1
[MARK] [[9, 15]] blue
[ATTACK] 11 15
[MARK] [[9, 15]] yellow
[TURN] 9
[WHOPLAYS] 0
[HEAL] 11 15
[MARK] [[0, 9], [0, 10], [0, 11], [0, 12], [0, 15], [1, 9], [1, 10], [1, 11], [1, 12], [1, 14], [1, 15], [2, 10], [2, 11], [2, 12], [2, 13], [2, 14], [2, 15], [3, 10], [3, 11], [3, 12], [3, 13], [3, 14], [3, 15], [4, 0], [4, 1], [4, 10], [4, 11], [4, 12], [4, 13], [4, 14], [4, 15], [5, 0], [5, 1], [5, 2], [5, 3], [5, 11], [5, 12], [5, 13], [5, 14], [5, 15], [6, 0], [6, 1], [6, 2], [6, 3], [6, 4], [6, 5], [6, 12], [6, 13], [6, 14], [6, 15], [7, 3], [7, 4], [7, 5], [7, 6], [7, 7], [7, 13], [7, 14], [7, 15], [8, 6], [8, 7], [8, 8], [8, 9], [8, 13], [8, 14], [8, 15], [9, 9], [9, 10], [9, 11], [9, 12], [9, 13], [9, 14], [9, 15], [10, 2], [10, 3], [10, 4], [10, 11], [10, 12], [10, 13], [10, 14], [10, 15], [11, 0], [11, 1], [11, 2], [11, 3], [11, 4], [11, 5], [11, 6], [11, 7], [11, 8], [11, 9], [11, 10], [11, 11], [11, 12], [11, 13], [11, 14], [11, 15], [12, 7], [12, 8], [12, 9], [12, 10], [12, 15], [13, 4], [13, 5], [13, 15], [14, 0], [14, 14], [14, 15], [15, 14], [15, 15]] yellow
[MARK] [[0, 0], [0, 1], [0, 2], [0, 3], [0, 4], [0, 5], [0, 6], [0, 7], [0, 8], [0, 13], [0, 14], [1, 0], [1, 1], [1, 2], [1, 3], [1, 4], [1, 5], [1, 6], [1, 7], [1, 8], [1, 13], [2, 0], [2, 1], [2, 2], [2, 3], [2, 4], [2, 5], [2, 6], [2, 7], [2, 8], [2, 9], [3, 0], [3, 1], [3, 2], [3, 3], [3, 4], [3, 5], [3, 6], [3, 7], [3, 8], [3, 9], [4, 2], [4, 3], [4, 4], [4, 5], [4, 6], [4, 7], [4, 8], [4, 9], [5, 4], [5, 5], [5, 6], [5, 7], [5, 8], [5, 9], [5, 10], [6, 6], [6, 7], [6, 8], [6, 9], [6, 10], [6, 11], [7, 0], [7, 1], [7, 2], [7, 8], [7, 9], [7, 10], [7, 11], [7, 12], [8, 0], [8, 1], [8, 2], [8, 3], [8, 4], [8, 5], [8, 10], [8, 11], [8, 12], [9, 0], [9, 1], [9, 2], [9, 3], [9, 4], [9, 5], [9, 6], [9, 7], [9, 8], [10, 0], [10, 1], [10, 5], [10, 6], [10, 7], [10, 8], [10, 9], [10, 10], [12, 0], [12, 1], [12, 2], [12, 3], [12, 4], [12, 5], [12, 6], [12, 11], [12, 12], [12, 13], [12, 14], [13, 0], [13, 1], [13, 2], [13, 3], [13, 6], [13, 7], [13, 8], [13, 9], [13, 10], [13, 11], [13, 12], [13, 13], [13, 14], [14, 1], [14, 2], [14, 3], [14, 4], [14, 5], [14, 6], [14, 7], [14, 8], [14, 9], [14, 10], [14, 11], [14, 12], [14, 13], [15, 0], [15, 1], [15, 2], [15, 3], [15, 4], [15, 5], [15, 6], [15, 7], [15, 8], [15, 9], [15, 10], [15, 11], [15, 12], [15, 13]] red
[WHOPLAYS] 1
[MARK] [[9, 15]] blue
[ATTACK] 11 15
[MARK] [[9, 15]] yellow
[TURN] 10
[WHOPLAYS] 0
[HEAL] 11 15
[MARK] [[0, 9], [0, 10], [0, 11], [0, 12], [0, 15], [1, 9], [1, 10], [1, 11], [1, 12], [1, 14], [1, 15], [2, 10], [2, 11], [2, 12], [2, 13], [2, 14], [2, 15], [3, 10], [3, 11], [3, 12], [3, 13], [3, 14], [3, 15], [4, 0], [4, 1], [4, 10], [4, 11], [4, 12], [4, 13], [4, 14], [4, 15], [5, 0], [5, 1], [5, 2], [5, 3], [5, 11], [5, 12], [5, 13], [5, 14], [5, 15], [6, 0], [6, 1], [6, 2], [6, 3], [6, 4], [6, 5], [6, 12], [6, 13], [6, 14], [6, 15], [7, 3], [7, 4], [7, 5], [7, 6], [7, 7], [7, 13], [7, 14], [7, 15], [8, 6], [8, 7], [8, 8], [8, 9], [8, 13], [8, 14], [8, 15], [9, 9], [9, 10], [9, 11], [9, 12], [9, 13], [9, 14], [9, 15], [10, 2], [10, 3], [10, 4], [10, 11], [10, 12], [10, 13], [10, 14], [10, 15], [11, 0], [11, 1], [11, 2], [11, 3], [11, 4], [11, 5], [11, 6], [11, 7], [11, 8], [11, 9], [11, 10], [11, 11], [11, 12], [11, 13], [11, 14], [11, 15], [12, 7], [12, 8], [12, 9], [12, 10], [12, 15], [13, 4], [13, 5], [13, 15], [14, 0], [14, 14], [14, 15], [15, 14], [15, 15]] yellow
[MARK] [[0, 0], [0, 1], [0, 2], [0, 3], [0, 4], [0, 5], [0, 6], [0, 7], [0, 8], [0, 13], [0, 14], [1, 0], [1, 1], [1, 2], [1, 3], [1, 4], [1, 5], [1, 6], [1, 7], [1, 8], [1, 13], [2, 0], [2, 1], [2, 2], [2, 3], [2, 4], [2, 5], [2, 6], [2, 7], [2, 8], [2, 9], [3, 0], [3, 1], [3, 2], [3, 3], [3, 4], [3, 5], [3, 6], [3, 7], [3, 8], [3, 9], [4, 2], [4, 3], [4, 4], [4, 5], [4, 6], [4, 7], [4, 8], [4, 9], [5, 4], [5, 5], [5, 6], [5, 7], [5, 8], [5, 9], [5, 10], [6, 6], [6, 7], [6, 8], [6, 9], [6, 10], [6, 11], [7, 0], [7, 1], [7, 2], [7, 8], [7, 9], [7, 10], [7, 11], [7, 12], [8, 0], [8, 1], [8, 2], [8, 3], [8, 4], [8, 5], [8, 10], [8, 11], [8, 12], [9, 0], [9, 1], [9, 2], [9, 3], [9, 4], [9, 5], [9, 6], [9, 7], [9, 8], [10, 0], [10, 1], [10, 5], [10, 6], [10, 7], [10, 8], [10, 9], [10, 10], [12, 0], [12, 1], [12, 2], [12, 3], [12, 4], [12, 5], [12, 6], [12, 11], [12, 12], [12, 13], [12, 14], [13, 0], [13, 1], [13, 2], [13, 3], [13, 6], [13, 7], [13, 8], [13, 9], [13, 10], [13, 11], [13, 12], [13, 13], [13, 14], [14, 1], [14, 2], [14, 3], [14, 4], [14, 5], [14, 6], [14, 7], [14, 8], [14, 9], [14, 10], [14, 11], [14, 12], [14, 13], [15, 0], [15, 1], [15, 2], [15, 3], [15, 4], [15, 5], [15, 6], [15, 7], [15, 8], [15, 9], [15, 10], [15, 11], [15, 12], [15, 13]] red
[WHOPLAYS] 1
[MARK] [[9, 15]] blue
[ATTACK] 11 15
[MARK] [[9, 15]] yellow
[TURN] 11
[WHOPLAYS] 0
[HEAL] 11 15
[MARK] [[0, 9], [0, 10], [0, 11], [0, 12], [0, 15], [1, 9], [1, 10], [1, 11], [1, 12], [1, 14], [1, 15], [2, 10], [2, 11], [2, 12], [2, 13], [2, 14], [2, 15], [3, 10], [3, 11], [3, 12], [3, 13], [3, 14], [3, 15], [4, 0], [4, 1], [4, 10], [4, 11], [4, 12], [4, 13], [4, 14], [4, 15], [5, 0], [5, 1], [5, 2], [5, 3], [5, 11], [5, 12], [5, 13], [5, 14], [5, 15], [6, 0], [6, 1], [6, 2], [6, 3], [6, 4], [6, 5], [6, 12], [6, 13], [6, 14], [6, 15], [7, 3], [7, 4], [7, 5], [7, 6], [7, 7], [7, 13], [7, 14], [7, 15], [8, 6], [8, 7], [8, 8], [8, 9], [8, 13], [8, 14], [8, 15], [9, 9], [9, 10], [9, 11], [9, 12], [9, 13], [9, 14], [9, 15], [10, 2], [10, 3], [10, 4], [10, 11], [10, 12], [10, 13], [10, 14], [10, 15], [11, 0], [11, 1], [11, 2], [11, 3], [11, 4], [11, 5], [11, 6], [11, 7], [11, 8], [11, 9], [11, 10], [11, 11], [11, 12], [11, 13], [11, 14], [11, 15], [12, 7], [12, 8], [12, 9], [12, 10], [12, 15], [13, 4], [13, 5], [13, 15], [14, 0], [14, 14], [14, 15], [15, 14], [15, 15]] yellow
[MARK] [[0, 0], [0, 1], [0, 2], [0, 3], [0, 4], [0, 5], [0, 6], [0, 7], [0, 8], [0, 13], [0, 14], [1, 0], [1, 1], [1, 2], [1, 3], [1, 4], [1, 5], [1, 6], [1, 7], [1, 8], [1, 13], [2, 0], [2, 1], [2, 2], [2, 3], [2, 4], [2, 5], [2, 6], [2, 7], [2, 8], [2, 9], [3, 0], [3, 1], [3, 2], [3, 3], [3, 4], [3, 5], [3, 6], [3, 7], [3, 8], [3, 9], [4, 2], [4, 3], [4, 4], [4, 5], [4, 6], [4, 7], [4, 8], [4, 9], [5, 4], [5, 5], [5, 6], [5, 7], [5, 8], [5, 9], [5, 10], [6, 6], [6, 7], [6, 8], [6, 9], [6, 10], [6, 11], [7, 0], [7, 1], [7, 2], [7, 8], [7, 9], [7, 10], [7, 11], [7, 12], [8, 0], [8, 1], [8, 2], [8, 3], [8, 4], [8, 5], [8, 10], [8, 11], [8, 12], [9, 0], [9, 1], [9, 2], [9, 3], [9, 4], [9, 5], [9, 6], [9, 7], [9, 8], [10, 0], [10, 1], [10, 5], [10, 6], [10, 7], [10, 8], [10, 9], [10, 10], [12, 0], [12, 1], [12, 2], [12, 3], [12, 4], [12, 5], [12, 6], [12, 11], [12, 12], [12, 13], [12, 14], [13, 0], [13, 1], [13, 2], [13, 3], [13, 6], [13, 7], [13, 8], [13, 9], [13, 10], [13, 11], [13, 12], [13, 13], [13, 14], [14, 1], [14, 2], [14, 3], [14, 4], [14, 5], [14, 6], [14, 7], [14, 8], [14, 9], [14, 10], [14, 11], [14, 12], [14, 13], [15, 0], [15, 1], [15, 2], [15, 3], [15, 4], [15, 5], [15, 6], [15, 7], [15, 8], [15, 9], [15, 10], [15, 11], [15, 12], [15, 13]] red
[WHOPLAYS] 1
[MARK] [[9, 15]] blue
[ATTACK] 11 15
[MARK] [[9, 15]] yellow
[TURN] 12
[WHOPLAYS] 0
[HEAL] 11 15
[MARK] [[0, 9], [0, 10], [0, 11], [0, 12], [0, 15], [1, 9], [1, 10], [1, 11], [1, 12], [1, 14], [1, 15], [2, 10], [2, 11], [2, 12], [2, 13], [2, 14], [2, 15], [3, 10], [3, 11], [3, 12], [3, 13], [3, 14], [3, 15], [4, 0], [4, 1], [4, 10], [4, 11], [4, 12], [4, 13], [4, 14], [4, 15], [5, 0], [5, 1], [5, 2], [5, 3], [5, 11], [5, 12], [5, 13], [5, 14], [5, 15], [6, 0], [6, 1], [6, 2], [6, 3], [6, 4], [6, 5], [6, 12], [6, 13], [6, 14], [6, 15], [7, 3], [7, 4], [7, 5], [7, 6], [7, 7], [7, 13], [7, 14], [7, 15], [8, 6], [8, 7], [8, 8], [8, 9], [8, 13], [8, 14], [8, 15], [9, 9], [9, 10], [9, 11], [9, 12], [9, 13], [9, 14], [9, 15], [10, 2], [10, 3], [10, 4], [10, 11], [10, 12], [10, 13], [10, 14], [10, 15], [11, 0], [11, 1], [11, 2], [11, 3], [11, 4], [11, 5], [11, 6], [11, 7], [11, 8], [11, 9], [11, 10], [11, 11], [11, 12], [11, 13], [11, 14], [11, 15], [12, 7], [12, 8], [12, 9], [12, 10], [12, 15], [13, 4], [13, 5], [13, 15], [14, 0], [14, 14], [14, 15], [15, 14], [15, 15]] yellow
[MARK] [[0, 0], [0, 1], [0, 2], [0, 3], [0, 4], [0, 5], [0, 6], [0, 7], [0, 8], [0, 13], [0, 14], [1, 0], [1, 1], [1, 2], [1, 3], [1, 4], [1, 5], [1, 6], [1, 7], [1, 8], [1, 13], [2, 0], [2, 1], [2, 2], [2, 3], [2, 4], [2, 5], [2, 6], [2, 7], [2, 8], [2, 9], [3, 0], [3, 1], [3, 2], [3, 3], [3, 4], [3, 5], [3, 6], [3, 7], [3, 8], [3, 9], [4, 2], [4, 3], [4, 4], [4, 5], [4, 6], [4, 7], [4, 8], [4, 9], [5, 4], [5, 5], [5, 6], [5, 7], [5, 8], [5, 9], [5, 10], [6, 6], [6, 7], [6, 8], [6, 9], [6, 10], [6, 11], [7, 0], [7, 1], [7, 2], [7, 8], [7, 9], [7, 10], [7, 11], [7, 12], [8, 0], [8, 1], [8, 2], [8, 3], [8, 4], [8, 5], [8, 10], [8, 11], [8, 12], [9, 0], [9, 1], [9, 2], [9, 3], [9, 4], [9, 5], [9, 6], [9, 7], [9, 8], [10, 0], [10, 1], [10, 5], [10, 6], [10, 7], [10, 8], [10, 9], [10, 10], [12, 0], [12, 1], [12, 2], [12, 3], [12, 4], [12, 5], [12, 6], [12, 11], [12, 12], [12, 13], [12, 14], [13, 0], [13, 1], [13, 2], [13, 3], [13, 6], [13, 7], [13, 8], [13, 9], [13, 10], [13, 11], [13, 12], [13, 13], [13, 14], [14, 1], [14, 2], [14, 3], [14, 4], [14, 5], [14, 6], [14, 7], [14, 8], [14, 9], [14, 10], [14, 11], [14, 12], [14, 13], [15, 0], [15, 1], [15, 2], [15, 3], [15, 4], [15, 5], [15, 6], [15, 7], [15, 8], [15, 9], [15, 10], [15, 11], [15, 12], [15, 13]] red
[WHOPLAYS] 1
[MARK] [[9, 15]] blue
[ATTACK] 11 15
[MARK] [[9, 15]] yellow
[TURN] 13
[WHOPLAYS] 0
[HEAL] 11 15
[MARK] [[0, 9], [0, 10], [0, 11], [0, 12], [0, 15], [1, 9], [1, 10], [1, 11], [1, 12], [1, 14], [1, 15], [2, 10], [2, 11], [2, 12], [2, 13], [2, 14], [2, 15], [3, 10], [3, 11], [3, 12], [3, 13], [3, 14], [3, 15], [4, 0], [4, 1], [4, 10], [4, 11], [4, 12], [4, 13], [4, 14], [4, 15], [5, 0], [5, 1], [5, 2], [5, 3], [5, 11], [5, 12], [5, 13], [5, 14], [5, 15], [6, 0], [6, 1], [6, 2], [6, 3], [6, 4], [6, 5], [6, 12], [6, 13], [6, 14], [6, 15], [7, 3], [7, 4], [7, 5], [7, 6], [7, 7], [7, 13], [7, 14], [7, 15], [8, 6], [8, 7], [8, 8], [8, 9], [8, 13], [8, 14], [8, 15], [9, 9], [9, 10], [9, 11], [9, 12], [9, 13], [9, 14], [9, 15], [10, 2], [10, 3], [10, 4], [10, 11], [10, 12], [10, 13], [10, 14], [10, 15], [11, 0], [11, 1], [11, 2], [11, 3], [11, 4], [11, 5], [11, 6], [11, 7], [11, 8], [11, 9], [11, 10], [11, 11], [11, 12], [11, 13], [11, 14], [11, 15], [12, 7], [12, 8], [12, 9], [12, 10], [12, 15], [13, 4], [13, 5], [13, 15], [14, 0], [14, 14], [14, 15], [15, 14], [15, 15]] yellow
[MARK] [[0, 0], [0, 1], [0, 2], [0, 3], [0, 4], [0, 5], [0, 6], [0, 7], [0, 8], [0, 13], [0, 14], [1, 0], [1, 1], [1, 2], [1, 3], [1, 4], [1, 5], [1, 6], [1, 7], [1, 8], [1, 13], [2, 0], [2, 1], [2, 2], [2, 3], [2, 4], [2, 5], [2, 6], [2, 7], [2, 8], [2, 9], [3, 0], [3, 1], [3, 2], [3, 3], [3, 4], [3, 5], [3, 6], [3, 7], [3, 8], [3, 9], [4, 2], [4, 3], [4, 4], [4, 5], [4, 6], [4, 7], [4, 8], [4, 9], [5, 4], [5, 5], [5, 6], [5, 7], [5, 8], [5, 9], [5, 10], [6, 6], [6, 7], [6, 8], [6, 9], [6, 10], [6, 11], [7, 0], [7, 1], [7, 2], [7, 8], [7, 9], [7, 10], [7, 11], [7, 12], [8, 0], [8, 1], [8, 2], [8, 3], [8, 4], [8, 5], [8, 10], [8, 11], [8, 12], [9, 0], [9, 1], [9, 2], [9, 3], [9, 4], [9, 5], [9, 6], [9, 7], [9, 8], [10, 0], [10, 1], [10, 5], [10, 6], [10, 7], [10, 8], [10, 9], [10, 10], [12, 0], [12, 1], [12, 2], [12, 3], [12, 4], [12, 5], [12, 6], [12, 11], [12, 12], [12, 13], [12, 14], [13, 0], [13, 1], [13, 2], [13, 3], [13, 6], [13, 7], [13, 8], [13, 9], [13, 10], [13, 11], [13, 12], [13, 13], [13, 14], [14, 1], [14, 2], [14, 3], [14, 4], [14, 5], [14, 6], [14, 7], [14, 8], [14, 9], [14, 10], [14, 11], [14, 12], [14, 13], [15, 0], [15, 1], [15, 2], [15, 3], [15, 4], [15, 5], [15, 6], [15, 7], [15, 8], [15, 9], [15, 10], [15, 11], [15, 12], [15, 13]] red
[WHOPLAYS] 1
[MARK] [[9, 15]] blue
[ATTACK] 11 15
[MARK] [[9, 15]] yellow
[TURN] 14
[WHOPLAYS] 0
[HEAL] 11 15
[MARK] [[0, 9], [0, 10], [0, 11], [0, 12], [0, 15], [1, 9], [1, 10], [1, 11], [1, 12], [1, 14], [1, 15], [2, 10], [2, 11], [2, 12], [2, 13], [2, 14], [2, 15], [3, 10], [3, 11], [3, 12], [3, 13], [3, 14], [3, 15], [4, 0], [4, 1], [4, 10], [4, 11], [4, 12], [4, 13], [4, 14], [4, 15], [5, 0], [5, 1], [5, 2], [5, 3], [5, 11], [5, 12], [5, 13], [5, 14], [5, 15], [6, 0], [6, 1], [6, 2], [6, 3], [6, 4], [6, 5], [6, 12], [6, 13], [6, 14], [6, 15], [7, 3], [7, 4], [7, 5], [7, 6], [7, 7], [7, 13], [7, 14], [7, 15], [8, 6], [8, 7], [8, 8], [8, 9], [8, 13], [8, 14], [8, 15], [9, 9], [9, 10], [9, 11], [9, 12], [9, 13], [9, 14], [9, 15], [10, 2], [10, 3], [10, 4], [10, 11], [10, 12], [10, 13], [10, 14], [10, 15], [11, 0], [11, 1], [11, 2], [11, 3], [11, 4], [11, 5], [11, 6], [11, 7], [11, 8], [11, 9], [11, 10], [11, 11], [11, 12], [11, 13], [11, 14], [11, 15], [12, 7], [12, 8], [12, 9], [12, 10], [12, 15], [13, 4], [13, 5], [13, 15], [14, 0], [14, 14], [14, 15], [15, 14], [15, 15]] yellow
[MARK] [[0, 0], [0, 1], [0, 2], [0, 3], [0, 4], [0, 5], [0, 6], [0, 7], [0, 8], [0, 13], [0, 14], [1, 0], [1, 1], [1, 2], [1, 3], [1, 4], [1, 5], [1, 6], [1, 7], [1, 8], [1, 13], [2, 0], [2, 1], [2, 2], [2, 3], [2, 4], [2, 5], [2, 6], [2, 7], [2, 8], [2, 9], [3, 0], [3, 1], [3, 2], [3, 3], [3, 4], [3, 5], [3, 6], [3, 7], [3, 8], [3, 9], [4, 2], [4, 3], [4, 4], [4, 5], [4, 6], [4, 7], [4, 8], [4, 9], [5, 4], [5, 5], [5, 6], [5, 7], [5, 8], [5, 9], [5, 10], [6, 6], [6, 7], [6, 8], [6, 9], [6, 10], [6, 11], [7, 0], [7, 1], [7, 2], [7, 8], [7, 9], [7, 10], [7, 11], [7, 12], [8, 0], [8, 1], [8, 2], [8, 3], [8, 4], [8, 5], [8, 10], [8, 11], [8, 12], [9, 0], [9, 1], [9, 2], [9, 3], [9, 4], [9, 5], [9, 6], [9, 7], [9, 8], [10, 0], [10, 1], [10, 5], [10, 6], [10, 7], [10, 8], [10, 9], [10, 10], [12, 0], [12, 1], [12, 2], [12, 3], [12, 4], [12, 5], [12, 6], [12, 11], [12, 12], [12, 13], [12, 14], [13, 0], [13, 1], [13, 2], [13, 3], [13, 6], [13, 7], [13, 8], [13, 9], [13, 10], [13, 11], [13, 12], [13, 13], [13, 14], [14, 1], [14, 2], [14, 3], [14, 4], [14, 5], [14, 6], [14, 7], [14, 8], [14, 9], [14, 10], [14, 11], [14, 12], [14, 13], [15, 0], [15, 1], [15, 2], [15, 3], [15, 4], [15, 5], [15, 6], [15, 7], [15, 8], [15, 9], [15, 10], [15, 11], [15, 12], [15, 13]] red
[WHOPLAYS] 1
[MARK] [[9, 15]] blue
[ATTACK] 11 15
[MARK] [[9, 15]] yellow
[TURN] 15
[WHOPLAYS] 0
[HEAL] 11 15
[MARK] [[0, 9], [0, 10], [0, 11], [0, 12], [0, 15], [1, 9], [1, 10], [1, 11], [1, 12], [1, 14], [1, 15], [2, 10], [2, 11], [2, 12], [2, 13], [2, 14], [2, 15], [3, 10], [3, 11], [3, 12], [3, 13], [3, 14], [3, 15], [4, 0], [4, 1], [4, 10], [4, 11], [4, 12], [4, 13], [4, 14], [4, 15], [5, 0], [5, 1], [5, 2], [5, 3], [5, 11], [5, 12], [5, 13], [5, 14], [5, 15], [6, 0], [6, 1], [6, 2], [6, 3], [6, 4], [6, 5], [6, 12], [6, 13], [6, 14], [6, 15], [7, 3], [7, 4], [7, 5], [7, 6], [7, 7], [7, 13], [7, 14], [7, 15], [8, 6], [8, 7], [8, 8], [8, 9], [8, 13], [8, 14], [8, 15], [9, 9], [9, 10], [9, 11], [9, 12], [9, 13], [9, 14], [9, 15], [10, 2], [10, 3], [10, 4], [10, 11], [10, 12], [10, 13], [10, 14], [10, 15], [11, 0], [11, 1], [11, 2], [11, 3], [11, 4], [11, 5], [11, 6], [11, 7], [11, 8], [11, 9], [11, 10], [11, 11], [11, 12], [11, 13], [11, 14], [11, 15], [12, 7], [12, 8], [12, 9], [12, 10], [12, 15], [13, 4], [13, 5], [13, 15], [14, 0], [14, 14], [14, 15], [15, 14], [15, 15]] yellow
[MARK] [[0, 0], [0, 1], [0, 2], [0, 3], [0, 4], [0, 5], [0, 6], [0, 7], [0, 8], [0, 13], [0, 14], [1, 0], [1, 1], [1, 2], [1, 3], [1, 4], [1, 5], [1, 6], [1, 7], [1, 8], [1, 13], [2, 0], [2, 1], [2, 2], [2, 3], [2, 4], [2, 5], [2, 6], [2, 7], [2, 8], [2, 9], [3, 0], [3, 1], [3, 2], [3, 3], [3, 4], [3, 5], [3, 6], [3, 7], [3, 8], [3, 9], [4, 2], [4, 3], [4, 4], [4, 5], [4, 6], [4, 7], [4, 8], [4, 9], [5, 4], [5, 5], [5, 6], [5, 7], [5, 8], [5, 9], [5, 10], [6, 6], [6, 7], [6, 8], [6, 9], [6, 10], [6, 11], [7, 0], [7, 1], [7, 2], [7, 8], [7, 9], [7, 10], [7, 11], [7, 12], [8, 0], [8, 1], [8, 2], [8, 3], [8, 4], [8, 5], [8, 10], [8, 11], [8, 12], [9, 0], [9, 1], [9, 2], [9, 3], [9, 4], [9, 5], [9, 6], [9, 7], [9, 8], [10, 0], [10, 1], [10, 5], [10, 6], [10, 7], [10, 8], [10, 9], [10, 10], [12, 0], [12, 1], [12, 2], [12, 3], [12, 4], [12, 5], [12, 6], [12, 11], [12, 12], [12, 13], [12, 14], [13, 0], [13, 1], [13, 2], [13, 3], [13, 6], [13, 7], [13, 8], [13, 9], [13, 10], [13, 11], [13, 12], [13, 13], [13, 14], [14, 1], [14, 2], [14, 3], [14, 4], [14, 5], [14, 6], [14, 7], [14, 8], [14, 9], [14, 10], [14, 11], [14, 12], [14, 13], [15, 0], [15, 1], [15, 2], [15, 3], [15, 4], [15, 5], [15, 6], [15, 7], [15, 8], [15, 9], [15, 10], [15, 11], [15, 12], [15, 13]] red
[WHOPLAYS] 1
[MARK] [[9, 15]] blue
[ATTACK] 11 15
[MARK] [[9, 15]] yellow
[END]